1 -1.1052 2.0094 0.002146 0.018808 0.053781 -0.05868 -0.055589 0.022243
2 -3.7356 0.83152 -0.0096346 -0.0083581 -0.10085 0.032679 -0.03394 0.079926
3 -0.98411 2.7381 0.064511 0.0044296 0.10732 -0.014341 -0.061767 -0.077094
4 -1.0652 2.6448 0.0035693 0.00027939 0.041497 -0.058916 -0.047575 0.034685
5 -1.2401 2.3662 0.012026 0.012048 0.15051 -0.073614 -0.069968 -0.028027
6 -0.88058 7.1945 0.012745 0.07273 0.049764 -0.0097244 -0.046281 -0.048485
7 -1.7638 1.4393 -0.015752 -0.039438 -0.15385 0.06948 0.080651 0.044121
8 -0.82637 32.27 0.0638 -0.034726 -0.016868 0.012842 0.046311 -0.055503
9 -0.70995 15.495 0.078303 0.0083392 -0.034436 0.002618 0.033225 -0.064424
10 -0.91358 10.654 -0.13423 -0.031277 -0.1219 -0.021194 -0.096237 0.27425
11 -1.8597 8.7417 -0.074573 0.02795 -0.027282 -0.072398 -0.13654 0.18864
12 -0.39657 42.424 -0.065158 -0.018158 -0.099504 -0.026572 -0.073284 0.1878
13 -0.54978 23.342 0.041242 0.014417 -0.043775 -0.020486 -0.032732 0.021781
14 -3.4736 0.75143 -0.0082202 -0.067825 -0.091643 0.069091 0.078551 0.01405
15 -0.31199 31.367 0.026761 0.0072152 0.015031 -0.015863 -0.0097697 -0.019017
16 -1.7758 3.5936 0.10717 -0.032362 -0.038655 -0.058026 0.040632 -0.029209
17 -0.16059 18.089 -0.0428 0.016927 0.040962 -0.039735 -0.043521 0.047678
18 -2.2338 6.2511 -0.070495 0.026704 0.018875 -0.13101 -0.12438 0.18383
19 -2.7772 9.7705 -0.045209 -0.0076608 0.023149 -0.10657 -0.12364 0.16485
20 -3.3938 12.535 -0.090452 0.032468 -0.081587 -0.02245 0.00090069 0.11971
21 -1.6224 37.494 0.00055005 -0.013199 -0.021748 -0.035844 -0.0087721 0.04853
22 -2.0133 14.345 0.021364 0.084079 0.10798 -0.10595 -0.084204 -0.018032
23 -3.4243 8.4063 -0.026558 0.061894 0.060129 -0.073706 -0.008226 -0.0032276
24 -1.5872 10.102 -0.057337 0.09175 0.091461 -0.059409 -0.068288 0.011591
25 -1.6551 9.4181 -0.062921 0.060763 0.026404 -0.063904 -0.079265 0.085613
26 -0.9819 15.033 -0.034107 0.051906 0.047598 -0.08317 -0.076884 0.064343
27 -1.751 12.878 -0.042957 0.029734 0.059429 -0.096057 -0.084145 0.087833
28 -0.1774 27.844 -0.03759 0.012154 -0.0078761 -0.031427 -0.032431 0.066818
29 -0.5859 28.717 -0.044935 0.0032447 -0.011599 -0.046033 -0.042716 0.095105
30 -0.44033 6.6755 -0.032097 0.058129 0.029079 -0.06687 -0.077477 0.062085
31 -0.67335 4.6948 0.030832 0.048634 0.097226 -0.044665 -0.049855 -0.057301
32 -3.4736 0.75143 -0.0082202 -0.067825 -0.091643 0.069091 0.078551 0.01405
33 -0.092482 54.739 -0.013186 -0.010443 -0.018006 -0.010453 -0.0084866 0.039507
34 -0.22559 16.234 0.065962 0.071334 0.027832 -0.0069337 -0.020891 -0.091715
35 -0.42105 9.9934 0.044079 0.13205 0.058075 0.00014594 -0.014078 -0.13663
36 -0.35232 68.461 0.041986 0.06243 0.044788 0.00073451 -0.014495 -0.088107
37 -0.41853 14.542 -0.059786 0.046906 0.083345 -0.067165 -0.075797 0.052818
38 -0.65677 15.754 -0.084272 0.04263 0.09013 -0.083737 -0.08659 0.086391
39 -0.37137 15.949 -0.055556 0.042761 0.075241 -0.059883 -0.069622 0.048956
40 -0.26431 29.35 0.041966 0.055452 0.029756 -0.014736 -0.014861 -0.064608
41 -0.41369 14.567 -0.059774 0.046369 0.083293 -0.066937 -0.075561 0.052853
42 -0.16374 30.596 -0.029609 0.009295 -0.008666 -0.025563 -0.015875 0.048978
43 -0.11229 54.273 -0.014475 -0.012921 -0.019959 -0.011158 -0.0094043 0.044156
44 -0.57834 2.4111 -0.023614 0.055402 0.04686 -0.02783 -0.090859 0.029562
45 -2.4037 0.99018 0.008524 -0.022984 -0.0071944 0.054038 -0.011789 -0.014992
46 -0.54541 3.4576 0.073899 -0.025784 0.068701 0.0084746 -0.039061 -0.070023
47 -0.55678 2.4793 -0.02353 0.056086 0.046787 -0.035891 -0.091956 0.034767
48 -0.4899 3.2982 -0.030158 0.068629 0.062895 -0.04733 -0.085002 0.025046
49 -0.78459 2.2579 -0.032389 0.090761 0.086016 -0.05451 -0.091454 0.0076241
50 -0.46486 9.5615 0.060724 0.0042777 -0.039375 0.071214 0.009376 -0.072531
51 -2.1318 0.93219 0.013509 -0.092307 -0.073924 0.032407 0.088739 0.014998
