1 0 1 0.36785 0.31389
2 0.0078125 1 0.83086 0.21303
3 0 1 0.26426 0.26827
4 0 1 0.30074 0.26399
5 0 0 0 0
6 0.00038153 1 0.35776 0.26964
7 0 0.98214 0.10619 0.1193
8 0 0.9966 0.53605 0.30238
9 1 244 7.0814 7.3035
10 1 39.07 2.64 2.2741
11 1 86 7.7257 7.3965
12 1 11 2.7553 0.93885
13 12 16240 159.76 318.14
14 4.4643 990.14 26.838 38.297
15 0.14141 1 0.8451 0.20275
16 0.048106 1477.7 14.238 42.392
17 0.0031504 0.97917 0.32239 0.17827
18 0.016667 7010 62.371 383.47
19 0.0040984 3 0.79035 0.3646
20 0.044484 3.7954 0.86357 0.30873
21 0.03125 5 1.0941 0.32019
22 0.21483 27.052 1.3219 0.58307
23 0.076923 7.5 0.98681 0.45421
24 0.29257 2.7525 1.0079 0.20582
25 0.23077 8.3333 1.3338 0.70145
26 0.54418 4.8414 1.1857 0.38731
27 0.0017567 13.647 0.82934 0.80024
28 0.01868 7.2062 0.86554 0.47486
29 0.051613 449.2 2.8181 14.844
30 0.22842 78.779 1.7701 2.4387
31 0 0.72727 0.04486 0.10227
32 0 0.85859 0.11004 0.16052
33 0.14141 1 0.8451 0.20275
34 0 7.7273 0.012384 0.14083
35 0 0 0 0
36 0 0.40404 0.0053444 0.0225
37 0 0.52525 0.02126 0.050914
38 0 5.404 0.029045 0.1183
39 0 142.7 4.0076 9.5463
40 0 176.01 7.0783 10.955
41 0 142.6 3.2732 8.7734
42 0 2.7778 0.024949 0.090029
43 0 142.7 3.9567 9.5333
44 0 1.8182 0.0098467 0.060589
45 0 7.8889 0.01567 0.14505
46 0 1 0.19265 0.33357
47 0 1 0.69969 0.29722
48 0 1 0.13459 0.25073
49 0 1 0.18258 0.32845
50 0 1 0.1277 0.26172
51 0 1 0.27041 0.32167
52 0 1 0.046002 0.10017
53 0 1 0.68359 0.32092
